image_00000 128 213 163 247
image_00001 130 214 161 241
image_00002 132 216 164 248
image_00003 133 215 162 249
image_00004 136 219 164 242
image_00005 136 213 164 251
image_00006 135 217 167 251
image_00007 134 216 166 253
image_00008 131 212 173 255
image_00009 136 214 166 252
image_00010 133 208 167 253
image_00011 126 206 168 254
image_00012 130 207 166 254
image_00013 125 204 173 258
image_00014 134 211 166 255
image_00015 127 200 166 261
image_00016 124 199 171 260
image_00017 129 204 168 261
image_00018 122 203 171 260
image_00019 125 199 177 266
image_00020 128 204 171 264
image_00021 128 200 172 262
image_00022 130 197 174 259
image_00023 124 193 175 249
image_00024 117 191 184 245
image_00025 122 189 176 248
image_00026 123 196 175 246
image_00027 125 191 179 244
image_00028 122 186 178 247
image_00029 116 183 178 244
image_00030 119 183 182 251
image_00031 114 187 182 247
image_00032 117 183 185 248
image_00033 113 181 188 251
image_00034 115 180 185 244
image_00035 118 186 187 244
image_00036 115 179 188 244
image_00037 123 184 177 245
image_00038 133 191 182 239
image_00039 136 189 185 240
image_00040 135 190 189 244
image_00041 120 187 183 245
image_00042 121 181 187 243
image_00043 124 180 190 245
image_00044 129 186 193 242
image_00045 136 179 196 235
image_00046 149 185 191 228
image_00047 146 185 187 229
image_00048 141 188 190 230
image_00049 144 185 189 233
image_00050 138 182 187 233
image_00051 144 184 191 225
image_00052 147 181 186 228
image_00053 142 187 190 226
image_00054 149 187 187 227
image_00055 147 187 191 228
image_00056 155 188 186 209
image_00057 153 187 190 224
image_00058 158 187 192 218
image_00059 153 178 189 217
image_00060 158 178 192 217
image_00061 163 183 200 220
image_00062 159 182 195 216
image_00063 157 184 196 217
